local Library = loadstring(game:HttpGet("https://raw.githubusercontent.com/xHeptc/Kavo-UI-Library/main/source.lua"))()
local Window = Library.CreateLib("PUN X HUB", "Sentinel")
local Tab = Window:NewTab("Teleport")
local Section = Tab:NewSection("World 1")
Section:NewButton("Mint marker", "ButtonInfo", function()
    game.Players.LocalPlayer.Character.HumanoidRootPart.CFrame = CFrame.new (90.1099396, 15.6023579, -199.014679, -1, 0, 0, 0, 1, 0, 0, 0, -1)
end)
Section:NewButton("Hammer marker", "ButtonInfo", function()
    game.Players.LocalPlayer.Character.HumanoidRootPart.CFrame = CFrame.new (-264.900726, 10080.707, 4.02211571, -0.999675035, -4.82878761e-07, -0.0254921392, -6.11129622e-07, 1, 5.02320472e-06, 0.0254921392, 5.03715091e-06, -0.999675035)
end)
Section:NewButton("Chicken marker", "ButtonInfo", function()
    game.Players.LocalPlayer.Character.HumanoidRootPart.CFrame = CFrame.new(35.9899063, 781.362366, -43.6713333, 0, 0, -1, 0, 1, 0, 1, 0, 0)
end)
Section:NewButton("Purple marker", "ButtonInfo", function()
    game.Players.LocalPlayer.Character.HumanoidRootPart.CFrame = CFrame.new(-12.190711, 12.232914, -27.3253174, -0.999609649, 1.17430652e-08, -0.0279390458, 1.1739643e-08, 1, 2.86520141e-10, 0.0279390458, -4.1586113e-11, -0.999609649)
end)
Section:NewButton("Marker for the black baseplate", "ButtonInfo", function()
    game.Players.LocalPlayer.Character.HumanoidRootPart.CFrame = CFrame.new(208.05661, 14.9103603, -25.7132378, 0.00673654117, 2.32719399e-10, -0.999977291, -4.58379006e-08, 1, -7.60712465e-11, 0.999977291, 4.58373748e-08, 0.00673654117)
end)
Section:NewButton("Khaki marker", "ButtonInfo", function()
    game.Players.LocalPlayer.Character.HumanoidRootPart.CFrame = CFrame.new(-316.400696, 10098.0391, 3.80812073, 1, 0, 0, 0, 1, 0, 0, 0, 1)
end)
Section:NewButton("Magenta void marker", "ButtonInfo", function()
    game.Players.LocalPlayer.Character.HumanoidRootPart.CFrame = CFrame.new(-3512.12256, 32.8775978, 4.07790279, -0.998940825, 5.66137803e-09, 0.046013061, 8.82122375e-09, 1, 6.84697312e-08, -0.046013061, 6.88031037e-08, -0.998940825)
end)
Section:NewButton("Zombie marker", "ButtonInfo", function ()
    game.Players.LocalPlayer.Character.HumanoidRootPart.CFrame = CFrame.new(102.170059, 3.62940788, 86.4200439, 0, 0, 1, 0, 1, -0, -1, 0, 0)
end)
Section:NewButton("Triple marker", "ButtonInfo", function()
    game.Players.LocalPlayer.Character.HumanoidRootPart.CFrame = CFrame.new(-143.8517, 68.1099777, -33.8645401, 0.000227701472, -7.91360932e-08, 1, 9.28905824e-12, 1, 7.91360932e-08, -1, -8.73034631e-12, 0.000227701472)
end)
Section:NewButton("Bone marker", "ButtonInfo", function()
    game.Players.LocalPlayer.Character.HumanoidRootPart.CFrame = CFrame.new(-283.650269, 86.1375656, 205.751907, 0.744624794, 1.28559767e-08, 0.66748327, -1.07062972e-08, 1, -7.31674143e-09, -0.66748327, -1.69804704e-09, 0.744624794)
end)
Section:NewButton("Orange marker", "ButtonInfo", function()
    game.Players.LocalPlayer.Character.HumanoidRootPart.CFrame = CFrame.new(-20.1382904, 3.19035339, -90.918457, 0.0644757077, 4.05619982e-09, 0.997919261, -6.05065296e-08, 1, -1.55321367e-10, -0.997919261, -6.03706169e-08, 0.0644757077)
end)
Section:NewButton("Cyan marker", "ButtonInfo", function()
    game.Players.LocalPlayer.Character.HumanoidRootPart.CFrame = CFrame.new(-198.47525, 14.9103508, -85.1727829, -0.376173854, 1.32611817e-07, -0.926549077, 8.92344509e-09, 1, 1.39501566e-07, 0.926549077, 4.42088357e-08, -0.376173854)
end)
