local Library = loadstring(game:HttpGet("https://raw.githubusercontent.com/xHeptc/Kavo-UI-Library/main/source.lua"))()
local Window = Library.CreateLib("PUN X HUB", "Sentinel")
local Tab = Window:NewTab("World 1")
local Section = Tab:NewSection("Teleport")
Section:NewButton("Mint marker", "ButtonInfo", function()
    game.Players.LocalPlayer.Character.HumanoidRootPart.CFrame = CFrame.new (90.1099396, 15.6023579, -199.014679, -1, 0, 0, 0, 1, 0, 0, 0, -1)
end)
Section:NewButton("Hammer marker", "ButtonInfo", function()
    game.Players.LocalPlayer.Character.HumanoidRootPart.CFrame = CFrame.new (-264.900726, 10080.707, 4.02211571, -0.999675035, -4.82878761e-07, -0.0254921392, -6.11129622e-07, 1, 5.02320472e-06, 0.0254921392, 5.03715091e-06, -0.999675035)
end)
Section:NewButton("Chicken marker", "ButtonInfo", function()
    game.Players.LocalPlayer.Character.HumanoidRootPart.CFrame = CFrame.new(35.9899063, 781.362366, -43.6713333, 0, 0, -1, 0, 1, 0, 1, 0, 0)
end)
Section:NewButton("Purple marker", "ButtonInfo", function()
    game.Players.LocalPlayer.Character.HumanoidRootPart.CFrame = CFrame.new(-12.190711, 12.232914, -27.3253174, -0.999609649, 1.17430652e-08, -0.0279390458, 1.1739643e-08, 1, 2.86520141e-10, 0.0279390458, -4.1586113e-11, -0.999609649)
end)
Section:NewButton("Marker for the black baseplate", "ButtonInfo", function()
    game.Players.LocalPlayer.Character.HumanoidRootPart.CFrame = CFrame.new(208.05661, 14.9103603, -25.7132378, 0.00673654117, 2.32719399e-10, -0.999977291, -4.58379006e-08, 1, -7.60712465e-11, 0.999977291, 4.58373748e-08, 0.00673654117)
end)
Section:NewButton("Khaki marker", "ButtonInfo", function()
    game.Players.LocalPlayer.Character.HumanoidRootPart.CFrame = CFrame.new(-316.400696, 10098.0391, 3.80812073, 1, 0, 0, 0, 1, 0, 0, 0, 1)
end)
Section:NewButton("Magenta void marker", "ButtonInfo", function()
    game.Players.LocalPlayer.Character.HumanoidRootPart.CFrame = CFrame.new(-3512.12256, 32.8775978, 4.07790279, -0.998940825, 5.66137803e-09, 0.046013061, 8.82122375e-09, 1, 6.84697312e-08, -0.046013061, 6.88031037e-08, -0.998940825)
end)
Section:NewButton("Zombie marker", "ButtonInfo", function ()
    game.Players.LocalPlayer.Character.HumanoidRootPart.CFrame = CFrame.new(102.170059, 3.62940788, 86.4200439, 0, 0, 1, 0, 1, -0, -1, 0, 0)
end)
Section:NewButton("Triple marker", "ButtonInfo", function()
    game.Players.LocalPlayer.Character.HumanoidRootPart.CFrame = CFrame.new(-143.8517, 68.1099777, -33.8645401, 0.000227701472, -7.91360932e-08, 1, 9.28905824e-12, 1, 7.91360932e-08, -1, -8.73034631e-12, 0.000227701472)
end)
Section:NewButton("Bone marker", "ButtonInfo", function()
    game.Players.LocalPlayer.Character.HumanoidRootPart.CFrame = CFrame.new(-283.650269, 86.1375656, 205.751907, 0.744624794, 1.28559767e-08, 0.66748327, -1.07062972e-08, 1, -7.31674143e-09, -0.66748327, -1.69804704e-09, 0.744624794)
end)
Section:NewButton("Orange marker", "ButtonInfo", function()
    game.Players.LocalPlayer.Character.HumanoidRootPart.CFrame = CFrame.new(-20.1382904, 3.19035339, -90.918457, 0.0644757077, 4.05619982e-09, 0.997919261, -6.05065296e-08, 1, -1.55321367e-10, -0.997919261, -6.03706169e-08, 0.0644757077)
end)
Section:NewButton("Cyan marker", "ButtonInfo", function()
    game.Players.LocalPlayer.Character.HumanoidRootPart.CFrame = CFrame.new(-198.47525, 14.9103508, -85.1727829, -0.376173854, 1.32611817e-07, -0.926549077, 8.92344509e-09, 1, 1.39501566e-07, 0.926549077, 4.42088357e-08, -0.376173854)
end)
Section:NewButton("Teenager Mutant Ninja marker", "ButtonInfo", function()
    game.Players.LocalPlayer.Character.HumanoidRootPart.CFrame = CFrame.new(-36.0942078, -19.3200016, -34.5451126, -0.997564137, 3.51825982e-08, 0.0697553307, 3.37412942e-08, 1, -2.184054e-08, -0.0697553307, -1.94337044e-08, -0.997564137)
end)
Section:NewButton("Dark green marker", "ButtonInfo", function()
    game.Players.LocalPlayer.Character.HumanoidRootPart.CFrame = CFrame.new(-14.3496256, -21.9142799, -91.2490768, 0.998443544, -1.7602696e-09, 0.0557722934, 2.47149057e-09, 1, -1.26832536e-08, -0.0557722934, 1.28013529e-08, 0.998443544)
end)
Section:NewButton("Carpet marker", "ButtonInfo", function()
    game.Players.LocalPlayer.Character.HumanoidRootPart.CFrame = CFrame.new(-20.0250816, 17.3500271, 101.456772, 0.186955407, 1.08654952e-07, 0.98236841, -4.65178562e-09, 1, -1.09719814e-07, -0.98236841, 1.59429447e-08, 0.186955407)
end)
Section:NewButton("Fishbowl marker", "ButtonInfo", function()
    game.Players.LocalPlayer.Character.HumanoidRootPart.CFrame = CFrame.new(1.16886, 23.6309, 94.7298)
end)
Section:NewButton("Fire marker", "ButtonInfo", function()
    game.Players.LocalPlayer.Character.HumanoidRootPart.CFrame = CFrame.new(-263.899109, 10062.2178, 4.98240137, 1, 2.38965425e-09, -4.30449036e-05, -2.38689735e-09, 1, 6.40472848e-08, 4.30449036e-05, -6.40471782e-08, 1)
end)
Section:NewButton("Atmosphere marker", "ButtonInfo", function()
    game.Players.LocalPlayer.Character.HumanoidRootPart.CFrame = CFrame.new(69.8682938, 1040.91357, 118.749725, 0.966165006, -1.20268666e-07, -0.257924706, 1.24480465e-07, 1, 3.36275362e-15, 0.257924706, -3.21065912e-08, 0.966165006)
end)
Section:NewButton("Stormy marker", "ButtonInfo", function()
    game.Players.LocalPlayer.Character.HumanoidRootPart.CFrame = CFrame.new(-31.0774345, 1007.70874, 251.676987, 0.889447451, 5.64013725e-08, 0.457037508, -7.24683673e-08, 1, 1.7625311e-08, -0.457037508, -4.87975456e-08, 0.889447451)
end)
Section:NewButton("Skydiving marker", "ButtonInfo", function()
    game.Players.LocalPlayer.Character.HumanoidRootPart.CFrame = CFrame.new(89.9453201, 910.679443, 243.530518, -0.118212104, -8.76601334e-08, 0.992988348, -3.05468734e-10, 1, 8.824275e-08, -0.992988348, 1.01280344e-08, -0.118212104)
end)
Section:NewButton("Navy marker", "ButtonInfo", function()
    game.Players.LocalPlayer.Character.HumanoidRootPart.CFrame = CFrame.new(52.4256325, -8.09954929, -95.3502274, 0.998214364, 0.00230741198, 0.0596885085, -0.00323481718, 0.999875486, 0.0154454922, -0.0596454367, -0.0156109938, 0.998097539)
end)
Section:NewButton("Crystal marker", "ButtonInfo", function()
    game.Players.LocalPlayer.Character.HumanoidRootPart.CFrame = CFrame.new(-341.214203, 10185.8096, -1053.74182, -0.999999881, 8.68017125e-08, -0.00042706987, 8.67921699e-08, 1, 2.23612986e-08, 0.00042706987, 2.23242314e-08, -0.999999881)
end)
Section:NewButton("Maroon marker", "ButtonInfo", function()
    game.Players.LocalPlayer.Character.HumanoidRootPart.CFrame = CFrame.new(-321.06427, 10210.6797, -1058.50806, 0.00690215081, -4.71848649e-09, 0.999976158, 1.20056171e-07, 1, 3.88993326e-09, -0.999976158, 1.20026456e-07, 0.00690215081)
end)
Section:NewButton("Markerseed the fallen", "ButtonInfo", function()
    game.Players.LocalPlayer.Character.HumanoidRootPart.CFrame = CFrame.new(-375.046143, 10183.9648, -1136.82361, 0.0921603516, -1.0322421e-07, 0.995744169, -3.1858578e-09, 1, 1.03960261e-07, -0.995744169, -1.27533131e-08, 0.0921603516)
end)
Section:NewButton("Green marker", "beware fall of the map", function()
    game.Players.LocalPlayer.Character.HumanoidRootPart.CFrame = CFrame.new(-261.173615, 9.82343864, 32.0322876, -0.0487037189, 0.126074925, -0.990824461, -6.75800571e-09, 0.992001653, 0.126224726, 0.998813272, 0.00614762027, -0.0483141728)
end)
Section:NewButton("Snowman marker", "ButtonInfo", function()
    game.Players.LocalPlayer.Character.HumanoidRootPart.CFrame = CFrame.new(77.567215, 17.590807, -119.912247, -0.39084354, 1.71425221e-08, 0.920457125, -5.08481577e-08, 1, -4.02150135e-08, -0.920457125, -6.25213303e-08, -0.39084354)
end)
Section:NewButton("Magenta marker", "ButtonInfo", function()
    game.Players.LocalPlayer.Character.HumanoidRootPart.CFrame = CFrame.new(79.3099823, 52.27034, -171.829681, -0.00717241596, -7.62284291e-10, 0.999974251, -1.06280545e-07, 1, -3.97560038e-15, -0.999974251, -1.0627781e-07, -0.00717241596)
end)
Section:NewButton("Flan marker", "ButtonInfo", function()
    game.Players.LocalPlayer.Character.HumanoidRootPart.CFrame = CFrame.new(138.893112, 21.0258064, -229.666931, -0.999904811, 8.63968452e-10, 0.0137966871, -3.92728711e-10, 1, -9.10841678e-08, -0.0137966871, -9.10809135e-08, -0.999904811)
end)
Section:NewButton("Marshmallow marker", "ButtonInfo", function()
    game.Players.LocalPlayer.Character.HumanoidRootPart.CFrame = CFrame.new(199.627899, 38.9442101, -293.212372, -0.954012513, -5.640024e-10, 0.299766839, -2.83003736e-08, 1, -8.81848976e-08, -0.299766839, -9.2613007e-08, -0.954012513)
end)
Section:NewButton("Gingerbread marker", "ButtonInfo", function()
    game.Players.LocalPlayer.Character.HumanoidRootPart.CFrame = CFrame.new(350.070038, 17.9534664, -251.723495, -0.0471183434, -6.60310562e-09, -0.998889327, 4.1313748e-09, 1, -6.80532786e-09, 0.998889327, -4.44744153e-09, -0.0471183434)
end)
Section:NewButton("Transparent marker", "ButtonInfo", function()
    game.Players.LocalPlayer.Character.HumanoidRootPart.CFrame = CFrame.new(405.921875, 19.7371902, -155.320755, -0.993752301, 5.61922908e-09, -0.111608177, -4.48116516e-10, 1, 5.43378285e-08, 0.111608177, 5.40483533e-08, -0.993752301)
end)
Section:NewButton("Jumpscare marker", "ButtonInfo", function()
    game.Players.LocalPlayer.Character.HumanoidRootPart.CFrame = CFrame.new(275.61203, 89.9925232, -180.083542, 0.0489480719, 2.92971958e-09, -0.998801351, -5.98537113e-08, 1, -4.11525028e-15, 0.998801351, 5.97819678e-08, 0.0489480719)
end)
Section:NewButton("Obby marker", "ButtonInfo", function()
    game.Players.LocalPlayer.Character.HumanoidRootPart.CFrame = CFrame.new(176.22438, 76.9925385, -179.138016, 0.57063359, -9.90281066e-08, 0.821204782, 3.76030584e-09, 1, 1.17975873e-07, -0.821204782, -6.42330136e-08, 0.57063359)
end)
Section:NewButton("Snow marker", "ButtonInfo", function()
    game.Players.LocalPlayer.Character.HumanoidRootPart.CFrame = CFrame.new(148.17511, 15.0379906, -115.236122, 0.658621371, -4.7623228e-08, 0.752474487, -9.62579044e-11, 1, 6.33730792e-08, -0.752474487, -4.18112975e-08, 0.658621371)
end)
Section:NewButton("Capless marker's Cap", "ButtonInfo", function()
    game.Players.LocalPlayer.Character.HumanoidRootPart.CFrame = CFrame.new(-16.0339165, 10120.3008, 1.69522464, 0.99998945, 6.637719e-08, 0.00458773412, -6.60240644e-08, 1, -7.71232749e-08, -0.00458773412, 7.68195605e-08, 0.99998945)
end)
Section:NewButton("leaf marker", "ButtonInfo", function()
    game.Players.LocalPlayer.Character.HumanoidRootPart.CFrame = CFrame.new(65.9247208, 35.4467773, 47.9857178, 0.374605179, 3.29283694e-08, 0.927184403, -8.7901519e-08, 1, -6.6733207e-15, -0.927184403, -8.15009145e-08, 0.374605179)
end)
Section:NewButton("Bee marker", "ButtonInfo", function()
    game.Players.LocalPlayer.Character.HumanoidRootPart.CFrame = CFrame.new(9.44368553, 24.9658375, 140.43811, -0.983191073, -0.000975765462, 0.182577044, 8.01872739e-05, 0.999983311, 0.0057761292, -0.182579637, 0.00569367874, -0.983174562)
end)
Section:NewButton("Bendy straw marker", "ButtonInfo", function()
    game.Players.LocalPlayer.Character.HumanoidRootPart.CFrame = CFrame.new(11.8600483, -9.53997326, 243.012375, 0.999998927, 1.97902352e-08, 0.00147577235, -1.97693648e-08, 1, -1.415569e-08, -0.00147577235, 1.41265e-08, 0.999998927)
end)
Section:NewButton("Tan marker", "ButtonInfo", function()
    game.Players.LocalPlayer.Character.HumanoidRootPart.CFrame = CFrame.new(-125.703125, 21.2732334, -198.472855, -0.0349407941, 1.11530936e-08, -0.99938941, 1.73897607e-08, 1, 1.05519247e-08, 0.99938941, -1.70104482e-08, -0.0349407941)
end)
Section:NewButton("Flower marker", "ButtonInfo", function()
    game.Players.LocalPlayer.Character.HumanoidRootPart.CFrame = CFrame.new(-160.607452, 38.0748863, -224.595016, -0.0107414788, 5.14728882e-08, 0.999942303, -3.61423846e-09, 1, -5.15146823e-08, -0.999942303, -4.16737356e-09, -0.0107414788)
end)
Section:NewButton("Liquid marker", "ButtonInfo", function()
    game.Players.LocalPlayer.Character.HumanoidRootPart.CFrame = CFrame.new(-191.925629, 21.0792675, -210.519333, -0.808968067, -2.09668682e-09, 0.587852597, 9.16463849e-11, 1, 3.69280651e-09, -0.587852597, 3.04123704e-09, -0.808968067)
end)
Section:NewButton("Sand marker", "ButtonInfo", function()
    game.Players.LocalPlayer.Character.HumanoidRootPart.CFrame = CFrame.new(-180.235992, 15.1501942, -187.275192, 0.0131945228, -1.01118339e-07, -0.999912977, 3.08288506e-08, 1, -1.00720335e-07, 0.999912977, -2.949721e-08, 0.0131945228)
end)
Section:NewButton("Lavender marker", "ButtonInfo", function()
    game.Players.LocalPlayer.Character.HumanoidRootPart.CFrame = CFrame.new(-115.867462, 10062.5176, 6.27731609, 0.99999994, -9.11249121e-09, -0.000400939636, 9.1508543e-09, 1, 9.56807966e-08, 0.000400939636, -9.56844559e-08, 0.99999994)
end)
Section:NewButton("Temple marker", "ButtonInfo", function()
    game.Players.LocalPlayer.Character.HumanoidRootPart.CFrame = CFrame.new(-196.422913, 31.8502026, -159.44252, 0.000382081256, -1.27167809e-07, -0.99999994, -6.66234445e-09, 1, -1.27170367e-07, 0.99999994, 6.71093359e-09, 0.000382081256)
end)
Section:NewButton("Salmon marker", "ButtonInfo", function()
    game.Players.LocalPlayer.Character.HumanoidRootPart.CFrame = CFrame.new(-204.645569, 47.8496933, -158.267181, 0.240121856, -3.08025712e-08, -0.970742762, 1.05322876e-07, 1, -5.67838176e-09, 0.970742762, -1.00877912e-07, 0.240121856)
end)
Section:NewButton("Cork marker", "ButtonInfo", function()
    game.Players.LocalPlayer.Character.HumanoidRootPart.CFrame = CFrame.new(-217.278549, 43.6199379, 97.8462753, -0.959072232, 1.19310016e-07, -0.283161581, 9.55629531e-08, 1, 9.76765193e-08, 0.283161581, 6.661908e-08, -0.959072232)
end)
Section:NewButton("Red marker", "ButtonInfo", function()
    game.Players.LocalPlayer.Character.HumanoidRootPart.CFrame = CFrame.new(-20.7634163, 15.1049662, -144.520874, 0.275526971, -1.10077785e-07, 0.96129334, -3.2562145e-08, 1, 1.2384308e-07, -0.96129334, -6.54238832e-08, 0.275526971)
end)
Section:NewButton("Yellow marker", "ButtonInfo", function()
    game.Players.LocalPlayer.Character.HumanoidRootPart.CFrame = CFrame.new(118.872139, 26.0400047, -57.3313446, 0.460240573, -7.63975763e-08, -0.887794256, 1.01336994e-07, 1, -3.35192318e-08, 0.887794256, -7.45394928e-08, 0.460240573)
end)
Section:NewButton("Old marker", "ButtonInfo", function()
    game.Players.LocalPlayer.Character.HumanoidRootPart.CFrame = CFrame.new(-104.852783, 34.5641861, -1.65220177, -0.818972051, 3.25898277e-08, 0.573833406, 1.5216294e-08, 1, -3.50765674e-08, -0.573833406, -1.99951113e-08, -0.818972051)
end)
Section:NewButton("Tied marker", "ButtonInfo", function()
    game.Players.LocalPlayer.Character.HumanoidRootPart.CFrame = CFrame.new(105.148781, 42.8722992, -0.879754603, 0.980959415, 2.8191927e-08, 0.19421272, -2.48000607e-08, 1, -1.98960848e-08, -0.19421272, 1.4700765e-08, 0.980959415)
end)
Section:NewButton("Gray marker", "ButtonInfo", function()
    game.Players.LocalPlayer.Character.HumanoidRootPart.CFrame = CFrame.new(103.719482, 67.5910187, -30.3393822, -0.79202801, -6.61269652e-08, 0.610484719, -1.2809592e-07, 1, -5.78697481e-08, -0.610484719, -1.24035068e-07, -0.79202801)
end)
Section:NewButton("Lavajump marker", "ButtonInfo", function()
    game.Players.LocalPlayer.Character.HumanoidRootPart.CFrame = CFrame.new(231.989609, 16.1818867, 179.050583, -0.000242183247, -1.47245983e-11, 1, -6.06832273e-08, 1, 2.81384701e-14, -1, -6.06832202e-08, -0.000242183247)
end)
Section:NewButton("Golden marker", "ButtonInfo", function()
    game.Players.LocalPlayer.Character.HumanoidRootPart.CFrame = CFrame.new(-73.264267, 10080.707, 1.52093101, 0.89570266, -1.1667443e-08, -0.444653451, 3.65359187e-09, 1, -1.88796694e-08, 0.444653451, 1.52859894e-08, 0.89570266)
end)
Section:NewButton("Mega marker!", "ButtonInfo", function()
    game.Players.LocalPlayer.Character.HumanoidRootPart.CFrame = CFrame.new(-71.1005096, 7.77005053, 251.482483, 0.972550333, -0.000938342011, -0.232690722, 5.46080287e-07, 0.999991894, -0.00403025653, 0.232692599, 0.00391950039, 0.972542465)
end)
Section:NewButton("Ghost marker", "ButtonInfo", function()
    game.Players.LocalPlayer.Character.HumanoidRootPart.CFrame = CFrame.new(-12.7653446, 60.6758423, -145.274994, -0.91068238, 0.0272052083, 0.412210464, 4.13784385e-09, 0.997829199, -0.0658550709, -0.413107246, -0.0599730499, -0.908705473)
end)
Section:NewButton("SweetDream marker", "ButtonInfo", function()
    game.Players.LocalPlayer.Character.HumanoidRootPart.CFrame = CFrame.new(38.4585228, 29.6766586, -167.427536, 0.0158580318, 5.17177057e-08, 0.999874234, 5.8573999e-08, 1, -5.26531956e-08, -0.999874234, 5.94016107e-08, 0.0158580318)
end)
Section:NewButton("Drop out marker", "ButtonInfo", function()
    game.Players.LocalPlayer.Character.HumanoidRootPart.CFrame = CFrame.new(1.37575054, 19.2112255, -197.64389, 0.497771084, 7.01088538e-08, 0.867308438, -6.26571079e-08, 1, -4.48744117e-08, -0.867308438, -3.20058575e-08, 0.497771084)
end)
Section:NewButton("Markerplier", "ButtonInfo", function()
    game.Players.LocalPlayer.Character.HumanoidRootPart.CFrame = CFrame.new(-35.701149, 21.6423855, -205.787918, 0.976837397, -9.6793535e-08, -0.21398297, 8.91244625e-08, 1, -4.54869031e-08, 0.21398297, 2.53621923e-08, 0.976837397)
end)
Section:NewButton("Battery marker", "ButtonInfo", function()
    game.Players.LocalPlayer.Character.HumanoidRootPart.CFrame = CFrame.new(-78.8502426, 18.0230122, -160.291016, 0.355109811, -4.20391721e-09, -0.934824586, 6.4030786e-08, 1, 1.9826226e-08, 0.934824586, -6.68980462e-08, 0.355109811)
end)
Section:NewButton("Baby marker", "ButtonInfo", function()
    game.Players.LocalPlayer.Character.HumanoidRootPart.CFrame = CFrame.new(-68.454422, 26.519989, -131.28421, -0.125346839, -4.66181902e-08, -0.992112994, -5.51738433e-09, 1, -4.62917065e-08, 0.992112994, -3.28650551e-10, -0.125346839)
end)
Section:NewButton("Realistic marker", "ButtonInfo", function()
    game.Players.LocalPlayer.Character.HumanoidRootPart.CFrame = CFrame.new(-12.3463297, 17.8103542, -207.84758, -0.999391437, 5.7622195e-08, -0.034882091, 5.75871333e-08, 1, 2.00991246e-09, 0.034882091, -7.01838964e-14, -0.999391437)
end)
Section:NewButton("Crayon", "ButtonInfo", function()
    game.Players.LocalPlayer.Character.HumanoidRootPart.CFrame = CFrame.new(-86.4695435, 10128.3975, 520.265564, -0.0836459771, -2.12277214e-15, 0.996495545, -7.95292152e-08, 1, -6.67569156e-09, -0.996495545, -7.98089062e-08, -0.0836459771)
end)
Section:NewButton("Theif marker", "ButtonInfo", function()
    game.Players.LocalPlayer.Character.HumanoidRootPart.CFrame = CFrame.new(138.784454, 18.3658638, -0.275316656, -0.267264605, -2.39513103e-08, 0.963623166, -9.01993573e-08, 1, -1.61666444e-10, -0.963623166, -8.69613999e-08, -0.267264605)
end)
Section:NewButton("Gummy marker", "ButtonInfo", function()
    game.Players.LocalPlayer.Character.HumanoidRootPart.CFrame = CFrame.new(345.685608, 15.1603489, -320.071075, -0.964973629, -8.46120543e-08, -0.262346894, -8.76832829e-08, 1, 1.24246528e-14, 0.262346894, 2.30034498e-08, -0.964973629)
end)
Section:NewButton("Marker Deleted", "ButtonInfo", function()
    game.Players.LocalPlayer.Character.HumanoidRootPart.CFrame = CFrame.new(-3486.60767, 34.1165695, 47.0165863, -0.055861827, 0.0735903457, -0.99572283, -8.39273628e-09, 0.997280061, 0.0737054348, 0.998438537, 0.00411732867, -0.0557098873)
end)
Section:NewButton("Medium stone grey marker", "ButtonInfo", function()
    game.Players.LocalPlayer.Character.HumanoidRootPart.CFrame = CFrame.new(57.7618828, -2.01710582, -107.665283, 0.836819351, -2.04236983e-09, 0.547479153, 6.91160418e-09, 1, -6.83385748e-09, -0.547479153, 9.50266266e-09, 0.836819351)
end)
Section:NewButton("Quagmire marker", "ButtonInfo", function()
    game.Players.LocalPlayer.Character.HumanoidRootPart.CFrame = CFrame.new(-36.4971275, -15.7716856, -140.35759, -0.743080139, -1.85245987e-08, 0.669202387, -2.61285873e-08, 1, -1.33149036e-09, -0.669202387, -1.84747186e-08, -0.743080139)
end)
Section:NewButton("Pink marker", "ButtonInfo", function()
    game.Players.LocalPlayer.Character.HumanoidRootPart.CFrame = CFrame.new(-209.50882, 151.352158, 134.022873, 0.621218503, 6.42352092e-08, 0.783637404, -1.75610548e-08, 1, -6.80492818e-08, -0.783637404, 2.85119715e-08, 0.621218503)
end)
Section:NewButton("Goat marker", "ButtonInfo", function()
    game.Players.LocalPlayer.Character.HumanoidRootPart.CFrame = CFrame.new(-260.73291, 128.889648, 189.666046, 0.421258986, 7.70441602e-06, -0.906940401, -1.18571279e-05, 1, 2.9875107e-06, 0.906940401, 9.49519199e-06, 0.421258986)
end)
Section:NewButton("Rainbow marker", "ButtonInfo", function()
    game.Players.LocalPlayer.Character.HumanoidRootPart.CFrame = CFrame.new(-264.980347, 148.919388, 159.052963, 0.587859869, 1.84040605e-08, 0.808962762, -3.13074793e-08, 1, 4.32508196e-13, -0.808962762, -2.53268393e-08, 0.587859869)
end)
Section:NewButton("Cloud marker", "ButtonInfo", function()
    game.Players.LocalPlayer.Character.HumanoidRootPart.CFrame = CFrame.new(-49.0400238, 1046.59619, 265.858032, -0.915926218, 1.02673901e-07, 0.401346654, 1.00608872e-07, 1, -2.62207163e-08, -0.401346654, 1.63627938e-08, -0.915926218)
end)
Section:NewButton("Sunburnt marker", "ButtonInfo", function()
    game.Players.LocalPlayer.Character.HumanoidRootPart.CFrame = CFrame.new(119.438828, 78.2292709, -11.0439062, 0.375487238, -3.65506061e-08, -0.92682755, 5.83157913e-08, 1, -1.58106772e-08, 0.92682755, -4.81119748e-08, 0.375487238)
end)
Section:NewButton("Blackhole marker", "ButtonInfo", function()
    game.Players.LocalPlayer.Character.HumanoidRootPart.CFrame = CFrame.new(-54.6370201, 10222.5645, -705.343079, -0.995581806, 4.02073965e-08, 0.0938980132, 4.97509127e-08, 1, 9.9296102e-08, -0.0938980132, 1.03528905e-07, -0.995581806)
end)
Section:NewButton("Rocket marker", "ButtonInfo", function()
    game.Players.LocalPlayer.Character.HumanoidRootPart.CFrame = CFrame.new(-4817.64893, 2907.20947, -8132.10303, 0.800766468, 6.32634709e-08, -0.598976731, -6.4094408e-08, 1, 1.99320329e-08, 0.598976731, 2.24301537e-08, 0.800766468)
end)
Section:NewButton("White marker", "ButtonInfo", function()
    game.Players.LocalPlayer.Character.HumanoidRootPart.CFrame = CFrame.new(209.620453, -2.38782525, 92.1546478, -0.991285563, -0.00311348005, -0.131693527, -0.00311878044, 0.999995112, -0.000166013546, 0.131693393, 0.000246156327, -0.99129045)
end)
Section:NewButton("Rust marker", "ButtonInfo", function()
    game.Players.LocalPlayer.Character.HumanoidRootPart.CFrame = CFrame.new(-21.7968864, -7.87000465, -110.120743, 0.993757665, -1.94823411e-08, 0.111560389, 1.24739934e-08, 1, 6.35190958e-08, -0.111560389, -6.17309794e-08, 0.993757665)
end)
Section:NewButton("Tree sap marker", "ButtonInfo", function()
    game.Players.LocalPlayer.Character.HumanoidRootPart.CFrame = CFrame.new(63.0352173, 10303.2139, -422.081726, 0.709558964, -2.08205702e-08, -0.704646051, 3.42914248e-08, 1, 4.98295183e-09, 0.704646051, -2.76990146e-08, 0.709558964)
end)
Section:NewButton("Pine tree marker", "ButtonInfo", function()
    game.Players.LocalPlayer.Character.HumanoidRootPart.CFrame = CFrame.new(285.920074, 10267.2754, -476.595184, -0.934900284, -7.60739169e-08, -0.354910553, -4.69401655e-08, 1, -9.06976254e-08, 0.354910553, -6.81336729e-08, -0.934900284)
end)
Section:NewButton("90 Degree marker", "ButtonInfo", function()
    game.Players.LocalPlayer.Character.HumanoidRootPart.CFrame = CFrame.new(381.184448, 63.3999977, -13.0223274, 0.901880682, -7.11100023e-09, 0.431985229, -5.87806401e-11, 1, 1.65839307e-08, -0.431985229, -1.49821187e-08, 0.901880682)
end)
Section:NewButton(" marker", "ButtonInfo", function()
    game.Players.LocalPlayer.Character.HumanoidRootPart.CFrame = CFrame.new()
end)
Section:NewButton(" marker", "ButtonInfo", function()
    game.Players.LocalPlayer.Character.HumanoidRootPart.CFrame = CFrame.new()
end)
Section:NewButton(" marker", "ButtonInfo", function()
    game.Players.LocalPlayer.Character.HumanoidRootPart.CFrame = CFrame.new()
end)
Section:NewButton(" marker", "ButtonInfo", function()
    game.Players.LocalPlayer.Character.HumanoidRootPart.CFrame = CFrame.new()
end)
Section:NewButton(" marker", "ButtonInfo", function()
    game.Players.LocalPlayer.Character.HumanoidRootPart.CFrame = CFrame.new()
end)
Section:NewButton(" marker", "ButtonInfo", function()
    game.Players.LocalPlayer.Character.HumanoidRootPart.CFrame = CFrame.new()
end)
Section:NewButton(" marker", "ButtonInfo", function()
    game.Players.LocalPlayer.Character.HumanoidRootPart.CFrame = CFrame.new()
end)
Section:NewButton(" marker", "ButtonInfo", function()
    game.Players.LocalPlayer.Character.HumanoidRootPart.CFrame = CFrame.new()
end)
local Tab = Window:NewTab("Washable Kingdom")
local Section = Tab:NewSection("Teleport")
Section:NewButton("Fisher marker", "ButtonInfo", function()
    game.Players.LocalPlayer.Character.HumanoidRootPart.CFrame = CFrame.new(-141.460785, -14.7477922, 92.0733643, -0.87603879, -6.68862441e-08, -0.482240677, -3.8586716e-08, 1, -6.86022332e-08, 0.482240677, -4.14901322e-08, -0.87603879)
end)
Section:NewButton("Primrose marker", "ButtonInfo", function()
    game.Players.LocalPlayer.Character.HumanoidRootPart.CFrame = CFrame.new(-98.2088394, -13.4183359, 140.169922, -0.0767132118, -3.103046e-08, 0.997053206, -1.64177614e-08, 1, 2.98589882e-08, -0.997053206, -1.4078803e-08, -0.0767132118)
end)
Section:NewButton("Dragon marker", "ButtonInfo", function()
    game.Players.LocalPlayer.Character.HumanoidRootPart.CFrame = CFrame.new(104.236687, 66.8302689, -38.5829697, 0.994515419, -8.70594763e-10, -0.104589924, -1.40751908e-08, 1, -1.42160815e-07, 0.104589924, 1.42853253e-07, 0.994515419)
end)
Section:NewButton("Wizard marker", "ButtonInfo", function()
    game.Players.LocalPlayer.Character.HumanoidRootPart.CFrame = CFrame.new(-50.9235153, 21.4494152, -60.6440582, -0.104532637, 3.32989991e-08, 0.994521439, -5.33025668e-09, 1, -3.40426887e-08, -0.994521439, -8.85962681e-09, -0.104532637)
end)
Section:NewButton("Cobblestone marker", "ButtonInfo", function()
    game.Players.LocalPlayer.Character.HumanoidRootPart.CFrame = CFrame.new(-35.867218, 6.04941845, -92.7689438, -0.975583494, 4.17916617e-08, -0.219628781, 6.82895447e-08, 1, -1.1305665e-07, 0.219628781, -1.25294548e-07, -0.975583494)
end)
Section:NewButton("Gilded marker", "ButtonInfo", function()
    game.Players.LocalPlayer.Character.HumanoidRootPart.CFrame = CFrame.new(112.672279, 84.9967575, -16006.3516, 0.734629035, 1.54286326e-08, -0.678469002, 9.23065979e-09, 1, 3.27350911e-08, 0.678469002, -3.03108649e-08, 0.734629035)
end)
Section:NewButton("Archer marker", "ButtonInfo", function()
    game.Players.LocalPlayer.Character.HumanoidRootPart.CFrame = CFrame.new(19.7541599, 21.9035721, -34.6845818, 0.598111987, 5.35184741e-09, -0.801412523, -2.82523205e-09, 1, 4.56948479e-09, 0.801412523, -4.68887262e-10, 0.598111987)
end)
Section:NewButton("Firefly marker", "ButtonInfo", function()
    game.Players.LocalPlayer.Character.HumanoidRootPart.CFrame = CFrame.new(151.44072, 41.4608803, 137.25386, -0.438363552, 6.12853555e-08, 0.89879775, 2.68538933e-08, 1, -5.50886909e-08, -0.89879775, -1.26550949e-11, -0.438363552)
end)
Section:NewButton("Mushroom marker", "ButtonInfo", function()
    game.Players.LocalPlayer.Character.HumanoidRootPart.CFrame = CFrame.new(16.453064, -6.80674791, 43.0969582, 0.389865488, 7.83299967e-08, 0.920871794, -9.72176366e-08, 1, -4.39020837e-08, -0.920871794, -7.24090725e-08, 0.389865488)
end)
Section:NewButton("Mud marker", "ButtonInfo", function()
    game.Players.LocalPlayer.Character.HumanoidRootPart.CFrame = CFrame.new(79.9174423, 23.5104656, 137.569962, 0.366593599, -2.24959873e-08, 0.930381179, 1.88711642e-08, 1, 1.67436092e-08, -0.930381179, 1.14192771e-08, 0.366593599)
end)
Section:NewButton("Flytrap marker", "ButtonInfo", function()
    game.Players.LocalPlayer.Character.HumanoidRootPart.CFrame = CFrame.new(3055.33105, -279.240173, 5373.40967, 0.581271648, 6.59081039e-08, -0.813709557, -1.1165352e-07, 1, 1.23763311e-09, 0.813709557, 9.01341366e-08, 0.581271648)
end)
Section:NewButton("King marker", "ButtonInfo", function()
    game.Players.LocalPlayer.Character.HumanoidRootPart.CFrame = CFrame.new(-7.42246437, 23.7395344, -29.459795, -0.999134004, 4.28068567e-08, -0.0416079983, 4.28728235e-08, 1, -6.93104518e-10, 0.0416079983, -2.47635668e-09, -0.999134004)
end)
Section:NewButton("Bluegrass marker", "ButtonInfo", function()
    game.Players.LocalPlayer.Character.HumanoidRootPart.CFrame = CFrame.new(-172.367996, 22.0751362, -90.3366165, -0.84071064, 7.73468329e-08, -0.541484654, 5.86844564e-08, 1, 5.17284953e-08, 0.541484654, 1.1711963e-08, -0.84071064)
end)
local Tab = Window:NewTab("Difficulty Chart Obby Domain")
local Section = Tab:NewSection("Teleport")
Section:NewButton("Difficulty Chart marker", "ButtonInfo", function()
    game.Players.LocalPlayer.Character.HumanoidRootPart.CFrame = CFrame.new(-58.0652199, 169.502823, 43.5647545, -0.142939195, -6.3097211e-08, -0.989731491, 1.11679235e-08, 1, -6.53647447e-08, 0.989731491, -2.03964294e-08, -0.142939195)
end)
Section:NewButton("Danger marker", "ButtonInfo", function()
    game.Players.LocalPlayer.Character.HumanoidRootPart.CFrame = CFrame.new(-517.5, 404.602722, -1459.29114, 0.000279299129, -4.13853352e-09, -0.99999994, -7.79985356e-08, 1, -4.16031876e-09, 0.99999994, 7.79996938e-08, 0.000279299129)
end)
Section:NewButton("Runner marker", "ButtonInfo", function()
    game.Players.LocalPlayer.Character.HumanoidRootPart.CFrame = CFrame.new(-837.744629, 69.5030594, -549.681274, 0.999976099, 6.56271695e-08, 0.00691804988, -6.60808794e-08, 1, 6.53543495e-08, -0.00691804988, -6.58099424e-08, 0.999976099)
end)
Section:NewButton("Serenity marker", "ButtonInfo", function()
    game.Players.LocalPlayer.Character.HumanoidRootPart.CFrame = CFrame.new(507.827026, 433.00293, -626.706787, 0.999948025, 3.88344162e-10, 0.0101930294, -1.58932523e-09, 1, 1.17815659e-07, -0.0101930294, -1.17825742e-07, 0.999948025)
end)
Section:NewButton("Killbrick marker", "ButtonInfo", function()
    game.Players.LocalPlayer.Character.HumanoidRootPart.CFrame = CFrame.new(28.0783291, 31.3974247, -81.6123505, 0.991246939, 1.64707341e-08, 0.132020742, -2.49063636e-09, 1, -1.06058323e-07, -0.132020742, 1.04801174e-07, 0.991246939)
end)
local colors = {
    SchemeColor = Color3.fromRGB(255,45,0),
    Background = Color3.fromRGB(0, 0, 0),
    Header = Color3.fromRGB(0, 0, 0),
    TextColor = Color3.fromRGB(255,255,255),
    ElementColor = Color3.fromRGB(20, 20, 20)
}
local Window = Library.CreateLib("Welcome to PUN X HUB", colors)
